MCHT_NO,MCHT_NM,CERT001310189110003,上海宏炎投资管理有限公司,公司001310148120003,上海闻讯投资管理咨询有限公司,公司001110173920001,万盛信合（北京）投资有限公司,公司001430173990001,湖南一路有你创业投资管理有限公司,公司001310159980001,上海胥隆投资管理有限公司,公司002310173920002,上海超量投资咨询有限公司,公司001440386990001,深圳市苏荷文化投资发展有限公司紫荆会分公司,公司001440380990001,深圳铭德堂医疗投资有限公司,公司002320572770001,昆山东博投资管理有限公司,公司001440353990003,深圳市大马御燕投资有限公司,公司002330373750001,永嘉玉龙投资理财咨询有限公司,公司002320573920002,苏州贵盈投资咨询有限公司,公司001440389990001,深圳市上品管理投资有限公司,公司002310165130001,上海源力投资管理有限公司,公司008004354410008,攸县吉利财富金融投资管理服务有限公司,公司008440300000125,深圳市霖丰源投资有限公司,公司001440373920001,深圳市寰球众达投资咨询有限公司,公司007440362110001,深圳市钰丰投资有限公司,公司008440300000318,深圳市妙善投资管理有限公司,公司002320589310001,江苏省苏州贵盈投资太仓店,公司008005073990006,重庆捷众投资咨询有限公司,公司008430100000326,长沙市光典投资咨询有限公司,公司008520172990062,贵州保鑫投资有限公司,公司008450100000183,广西蓝睿投资管理有限公司,公司008520189990017,贵州瀚霖银投资产管理有限公司,公司008520173210015,贵阳市南明区聚财理财咨询服务部,公司002320573920005,昆山聚众房产投资咨询有限公司,公司008320600000137,南通永尚投资管理有限公司,公司008320500001467,苏州聚通投资咨询有限公司,公司008321000000019,扬州和谐投资理财咨询有限公司,公司008320500001123,昆山东博投资管理有限公司,公司008320500001038,苏州利先达房地产投资顾问有限公司,公司008610300000040,宝鸡市以琳投资咨询有限公司,公司008510172991455,成都众和鑫城投资管理有限责任公司,公司008310100000755,上海钰阳投资管理有限公司,公司008310100000834,上海海讯投资管理有限公司,公司008440300000350,深圳市旭龙建设投资有限公司,公司008310100002261,上海葆光投资管理有限公司,公司008310100002263,捷付瑞（上海）投资管理有限公司,公司008150600001203,内蒙古咏利财富投资管理有限责任公司,公司008150659980161,内蒙古好收付金融服务有限公司,公司008310100002726,上海盈澜投资管理有限公司,公司008350200000416,厦门瑞鑫通投资咨询有限公司,公司008350600000127,漳州台商投资区角美绿力美家百货经营部,公司008350200000061,厦门市麒云投资资询有限公司,公司008320573210029,张家港鼎峰投资咨询有限公司,公司008440300000541,深圳市中昊恒基房地产投资顾问有限公司,公司008440300002377,深圳市盛汇天下餐饮投资管理有限公司,公司008441900000207,东莞市炜越实业投资有限公司,公司008350900000043,福建诚信天下投资管理有限公司,公司008371000000026,荣成市聚元小额贷款咨询服务有限公司,公司008410100000816,河南博明投资有限公司,公司008450100000435,南宁市瀚华小额贷款有限公司,公司008440300002430,深圳前海友影国际投资控股有限公司,公司008360173210008,南昌市鼎域投资咨询有限公司,公司008360700000114,江西鑫瀜投资有限公司,公司008360100000312,江西信商投资咨询有限公司,公司008370759990005,青州冠亚投资管理有限公司,公司008320559990024,苏州大本营投资管理有限公司,公司002310173110006,上海深蓝投资实业有限公司,公司008370759990055,诸城市易信投资咨询有限公司,公司008450249000001,柳州市萃园投资有限公司,公司008310159990097,上海倍发投资管理有限公司,公司008320559990197,江苏省昆山市天迈商务投资管理有限公司,公司008320559990260,昆山聚众房产投资咨询有限公司,公司008321089990010,扬州市明邦投资咨询管理有限公司,公司008320559990405,苏州金管家投资管理有限公司,公司008360562110001,新余市恒弘投资有限公司,公司008350459990011,三明市长蕴投资咨询服务有限公司,公司008320573990087,苏州工业园区涵蓝教育投资管理咨询有限公司,公司008350559990049,晋江市凯亚投资咨询有限公司,公司008430159990107,长沙市富厚投资管理咨询有限公司,公司008320259990129,无锡易物天下投资管理有限公司,公司008442059990009,中山市华文盛大影视投资策划有限公司,公司008320559990785,苏州市佩祥房地产投资咨询有限公司,公司008330459990366,海宁合亿投资管理有限公司,公司008320559990970,苏州八闽投资发展有限公司,公司008320359990063,徐州国人国业金融信息服务有限公司,公司008330172770005,浙江省杭州市鹏瀚投资管理有限公司,公司008320459990031,常州望洲财富投资管理有限公司常州第二分公司,公司008500195441241,重庆众荣投资管理有限公司,公司008450195446403,广西南宁咕咚投资有限公司,公司008440395276996,深圳市好运之城投资发展有限公司,公司008350295265428,厦门天科投资管理有限公司,公司008340295278281,芜湖至臻投资理财咨询有限公司,公司008340695294364,淮北市安高投资理财咨询有限公司,公司008340195262206,安徽省锦绣富璟金融信息咨询有限公司,公司008340195262996,合肥睿丹克金融信息服务有限公司,公司008500195266996,重庆富悦投资有限公司,公司008340495354624,淮南市汉方投资理财有限公司,公司008340495354650,淮南市恒丰投资担保有限公司,公司008340295353990,上海证大投资咨询有限公司芜湖中山北路分公司,公司008511195328472,乐山市容大融资咨询有限公司,公司008340195354473,安徽马湖投资有限公司,公司008440395314369,深圳三易虞美姿实业投资有限公司,公司008350995441957,宁德市小微金融服务外包有限公司,公司008370295519307,青岛瑞森投资咨询有限公司,公司008370295521054,青岛金鼎基投资管理有限公司,公司008110195521629,北京华融嘉业投资管理有限公司,公司008370795521230,潍坊金概投资有限公司潍坊分公司,公司008220195446061,深圳市海钜信达投资发展有限公司长春朝阳区分公司,公司008440195364476,广州薪薪汇投资管理有限公司,公司008005095353402,重庆天上云投资有限公司,公司008441395444117,惠州市世纪龙腾酒店投资管理有限公司,公司008440395380445,深圳市景天云顶投资发展有限公司,公司008440495364855,珠海市华丰房地产投资策划有限公司,公司008440395341183,深圳庄子木健康投资管理有限公司,公司008440495365491,珠海市优力达投资有限公司,公司008510795358966,四川绵阳欣万欣投资信息咨询服务有限公司,公司008440395340938,广东省深圳市盈盛森投资发展有限公司,公司008440795399460,江门市瑞银投资咨询有限公司,公司008441995335423,东莞市邦文实业投资有限公司,公司008340295357428,芜湖名成亿毫投资管理有限公司,公司008440795330817,江门市钱盒投资管理有限公司,公司008441495340656,梅州市赢联实业投资有限公司,公司008440895331914,国寿银江保险理财服务中心,公司008440395339696,深圳市商界达人投资管理有限公司,公司008441995357055,东莞金湛投资有限公司,公司008320295414278,无锡融鑫投资咨询有限公司,公司008003295388432,苏州北城世居不动产投资咨询有限公司,公司008320295444231,江阴市俊奇投资有限公司,公司008004295469563,武汉钻石小猫投资管理有限公司,公司008321195409438,丹阳市诺诺投资咨询有限公司,公司008420195409520,武汉宏利丰投资咨询有限公司,公司008370295504726,青岛众和盛投资咨询有限公司,公司008370295514701,青岛树来宝投资管理有限公司,公司008370295505154,青岛盛世信博投资咨询有限公司,公司008370295511274,青岛华丰汇赢投资咨询有限公司,公司008370295515026,青岛汇盈创富投资咨询有限公司,公司008370295505629,青岛金德易投资咨询有限公司,公司008370295517269,青岛二刚投资咨询有限公司,公司008370295515581,青岛众信安易贷投资咨询有限公司,公司008370295516790,青岛中融信合投资管理有限公司,公司008371095526443,昆易投资咨询有限公司,公司008370295528290,山东金算盘投资有限公司,公司008370195528819,济南宏大投资咨询有限公司,公司008110195526577,北京亚洲鸿石投资管理有限公司,公司008419095522455,河南华尔金融服务有限公司,公司008001195522615,佳得缘国际投资顾问（北京）有限公司,公司008110295536610,北京源丰鸿利投资管理有限公司,公司008001195546880,国投兴融资产管理（北京）有限公司,公司008350595563627,泉州市毅霖投资咨询有限公司,公司008330295584559,宁波米斗财富投资管理有限公司,公司008440595596364,汕头市物华新天投资管理有限公司,公司008130295633302,唐山市丰南区拓金投资咨询服务有限公司,公司008371495635016,德州市德城区华夏云商金融信息咨询中心,公司008210195637655,沈阳信创投资咨询有限公司,公司008210395636664,岫岩满族自治县万达投资咨询有限责任公司,公司008370595635540,山东金轩投资有限公司,公司008330295692194,宁波铂上投资咨询有限公司,公司008350595681048,泉州明翔投资有限公司,公司008210195644334,沈阳言成商祺投资管理有限公司,公司008350195678233,福州汇湶投资有限公司,公司008410195710366,河南鑫众合金融服务有限公司,公司008230195712875,哈尔滨梁氏投资咨询有限公司,公司008511595734426,宜宾乾汇投资管理有限公司,公司008110195738270,北京欧氏隆国际投资管理有限公司,公司008440195727342,广州丹祺投资咨询有限公司,公司008440195731666,广州市灏贷投资管理有限公司,公司008440395724600,深圳市力鹏兴业投资有限公司,公司008440695728481,佛山市宁大投资信息咨询有限公司,公司008440195726294,梅州中爱爱心老年公寓投资有限公司广州分公司,公司008371195718855,日照金佰佳投资咨询有限公司,公司008140895746532,永济市鼎晟投资有限公司,公司008440395763875,深圳智信尚产业链投资有限公司,公司008320595759853,苏州锐义名居不动产投资咨询有限公司,公司008004295449785,襄阳圣霖投资管理有限公司,公司008370795778467,山东省潍坊嘉融投资咨询有限公司,公司008330495760880,嘉兴长亭投资管理咨询有限公司,公司008320595772523,苏州众筹投资管理有限公司,公司008441995768714,东莞市轩宇实业投资有限公司,公司008510195772582,成都致盛达投资管理有限公司,公司008220195767741,长春市博文投资管理有限公司,公司008130195774726,河北富民股权投资管理有限公司,公司008370295776290,青岛元玺投资管理有限公司,公司008420195771115,武汉汇中天投资咨询服务有限公司,公司008320595765375,苏州坤宇投资管理咨询有限公司,公司008350595771221,泉州市台商投资区益恒,公司008371095765403,荣成市通泰投资信息咨询有限公司,公司008510195772586,成都全辰投资管理有限公司,公司008510795771337,四川省绵阳市欣晚欣投资信息咨询服务有限公司,公司007441995769327,东莞市轩宇实业投资有限公司,公司008320595749476,苏州市亘融投资咨询有限公司,公司008320695749986,南通信惠投资管理有限公司,公司008370295760478,山东省青岛世佳房产投资有限公司,公司008321095770073,扬州创赢投资咨询有限公司,公司008320595768958,苏州市天勤创业投资咨询有限公司,公司008370295778136,青岛擎越投资管理有限公司,公司008320595773609,苏州拓天投资有限公司,公司008110195770605,北京嘉言懿行投资管理有限责任公司,公司008370195770595,济南聚恒瓒投资咨询有限公司,公司008320595777743,苏州汇甲天下投资管理有限公司,公司008320595760435,苏州元祚投资咨询有限公司,公司008441995779414,东莞市精通实业投资有限公司,公司008320595779893,苏州鑫梦缘投资管理有限公司,公司008330495789007,嘉兴邦财投资管理有限公司,公司008440395274340,深圳市一车一世界投资发展有限公司,公司008321395800370,江苏省宿迁市泗洪县宏益投资咨询有限公司,公司008370795780193,潍坊资海投资服务有限公司,公司008450195802733,广西省南宁市金大脑投资管理咨询有限公司,公司008510195801477,四川中尧投资管理有限公司,公司001440395800189,深圳福泰源养老投资管理有限公司,公司008440395782197,深圳市銮金投资发展有限公司,公司008371795783839,菏泽市牡丹区李庄集行政村惠农金融服务站,公司008320595782123,苏州汇投投资管理合伙企业（有限合伙）,公司008360595790412,江西省禄诚投资发展有限公司,公司008130695781166,河北助成非融资性担保有限公司,公司008320495791179,常州海盈投资管理有限公司,公司008440395793156,深圳市万田基业投资资产管理有限公司,公司008510595797403,泸州元瑞投资有限公司,公司008320595788455,江苏省昆山壹万家房地产投资咨询有限公司,公司008370295783605,青岛开开贷投资有限公司第一分公司,公司008420195780773,湖北睿德凌房地产投资顾问有限公司,公司008110195782952,北京华太投资管理有限公司,公司008441395805701,惠州市百顺投资有限公司,公司008440895801128,湛江骏耀投资发展有限公司,公司008371395801275,山东省临沂市忆南投资咨询有限公司,公司008440195801819,广州市初五投资咨询有限公司,公司008420195782858,武汉鑫锐富达投资管理有限公司,公司008330195806341,杭州君品投资管理有限公司,公司008370295782523,哈尔滨星启投资咨询有限公司青岛分公司,公司010320295844372,江阴市新城东瑞安金融咨询服务部,公司008450395842787,桂林全州县燕金投资咨询服务有限公司,公司008440395817070,深圳轰动天下控股投资有限公司,公司008360195811150,江西省元润医疗投资有限公司,公司010442095843515,中山市友信企业投资管理咨询有限公司,公司008320295812297,无锡卓亚投资咨询有限公司,公司010440395845170,深圳市耐点投资顾问有限公司,公司010500295837925,重庆市三达投资咨询有限公司,公司008320595813412,苏州艾富曼投资咨询有限公司,公司008320195815602,江苏尚居资产投资管理有限公司,公司010410195840480,深圳市正反币投资有限公司,公司008421295816327,咸宁捷成投资有限公司,公司010350195839362,福州晋安区杰威投资咨询有限公司,公司011440395827922,深圳市合和年投资咨询有限公司,公司011440395823751,深圳汇金美投资咨询有限公司,公司011440395827577,广东省深圳市福田区诚诺信投资咨询有限公司,公司008130795809489,张家口德联投资管理有限公司,公司011441995823962,东莞市陆鼎投资管理有限公司,公司011440195823967,广东唐古汇投资有限公司,公司009440395831413,深圳市大宝藏金融服务有限公司,公司011450395823986,桂林市合和年小额贷款有限责任公司,公司011003195825868,上海市彬孚投资管理有限公司,公司011640195825876,宁夏融创投资咨询服务有限公司,公司002321295824544,泰州市姜堰区鑫华农村小额贷款有限公司,公司008440195814371,广州市道蒙投资管理有限公司,公司008510195878217,成都恒安锐达投资管理有限公司,公司008321095880282,南京富洲金融信息咨询有限公司扬州分公司,公司008130195872662,河北祥润投资有限公司,公司008350595871735,福建集千志投资管理有限公司,公司008430195871182,湖南中创投资股份有限公司,公司008440195875960,广东旁通教育投资有限公司,公司008440395878058,深圳市利崇投资发展有限公司,公司008360495877918,江西和众投资咨询有限公司,公司008340695879501,淮北市龙飞投资理财咨询有限公司,公司008150495870372,赤峰融福合投资咨询有限公司,公司001440395878234,深圳市靖洋科技投资服务有限公司,公司008510195871636,成都畅捷投资管理有限责任公司,公司008330295872158,宁波亿梦达金融设备有限公司,公司010310195866988,上海彬孚投资管理有限公司,公司010321095858534,仪征苏仪投资咨询有限公司,公司010441695861189,连平县鑫泰投资咨询有限公司,公司010441995860913,东莞市御金道投资咨询服务有限公司,公司010440795855441,鹤山市沙坪泰富汇丰投资咨询服务部,公司010340595848762,马鞍山宝诚投资发展有限公司,公司010130395853761,秦皇岛市华创贷款代理服务有限公司,公司011441995900278,东莞市俊驰实业投资有限公司,公司008440395893466,深圳市宝荣昌非融资性担保有限公司,公司008440395889419,深圳市信安诚投资管理有限公司,公司008370295894443,青岛元泰和投资咨询有限公司,公司008130795885552,张家口金誉投资有限公司,公司008440395897785,深圳恒顺业投资管理有限公司,公司008320595903282,苏州智亿信投资咨询有限公司,公司008370295899566,青岛金宝龙投资管理有限公司,公司008440795890297,江门市德陆投资策划有限公司,公司008370295897716,青岛鑫诚贷投资管理咨询有限公司,公司008330495883300,嘉善君辉投资管理有限公司,公司008440395907389,深圳市君和仁文化投资发展有限公司,公司008441595882945,陆河银信投资担保有限公司,公司008320595907347,昆山市鸿茂房产投资咨询有限公司,公司008440395886742,深圳市和宇鑫投资有限公司,公司008370295770458,青岛朋友圈投资管理有限公司,公司008370295901511,青岛海纳鼎信投资管理有限公司,公司011441995881741,广东泓博投资管理有限公司,公司008510195882879,成都全瑞投资管理有限责任公司,公司008510195880782,成都蓉之风投资咨询有限公司,公司008110195899607,三甲（北京）投资管理有限公司,公司008410195884931,郑州玉玺投资咨询有限公司,公司008370295905714,青岛天和广源投资咨询有限公司,公司002320295887085,无锡易物天下投资管理有限公司,公司011440395902129,深圳市中安易贷金融服务有限公司,公司011440395886392,深圳市佳晟利投资担保有限公司,公司008370295897037,青岛金茂源投资管理有限公司,公司008150495893773,赤峰市商赢通投资咨询有限责任公司,公司008340195921759,宏拓旅游文化投资有限公司,公司008230195908915,方正县恒茂贷款信息咨询中心,公司008440395926294,深圳市嘉泰华投资管理有限公司,公司008320595911103,苏州千鑫金融信息服务有限公司,公司011441995916446,广东毛铺投资管理有限公司,公司008370295627551,青岛鑫禾众投投资询有限公司,公司008370295914938,青岛鑫华军福投资咨询有限公司,公司002320595911274,苏州微宝投资有限公司,公司008440395925826,深圳市中融汇泰股权投资基金企业（有限合伙）,公司011441995916356,东莞市文明投资咨询有限公司,公司008420295930901,黄石市利成丰投资有限公司,公司011441995936693,广东睿融资产管理有限公司,公司008321195930576,江苏昱道投资发展有限公司,公司008650195929101,新疆八意牧场投资管理有限公司,公司002320695913595,南通祥龙投资管理有限公司,公司011441995928586,上海证大投资咨询有限公司东莞大道分公司,公司008370295928306,青岛天玺投资管理有限公司,公司008370295939180,青岛鼎日投资咨询有限公司,公司008370295943447,青岛华之信投资咨询有限公司,公司008420295967178,大冶市华藏投资管理有限公司,公司008440195967482,广州润连投资顾问有限公司,公司008310195966298,上海市廖廓投资管理有限公司,公司008320595942913,昆山东帅投资咨询有限公司,公司008110195959946,北京德峰天下投资担保有限公司,公司008441695955331,和平县恒益投资有限公司,公司008340695956526,淮北远腾投资理财咨询有限公司,公司008350995766925,福安市鼎辉投资有限公司,公司008360795801209,赣州市弈众投资咨询有限责任公司,公司008340795943786,铜陵市康华贷款咨询服务有限公司,公司008230195933334,哈尔滨跨境投资管理有限公司,公司008310195952016,上海菡妤投资有限公司,公司008370295961805,青岛翰益投资咨询有限公司,公司008370795699966,潍坊富德投资咨询有限公司,公司008220100000546,长春市万融投资管理有限公司朝阳分公司,公司008320595961680,苏州嘉晟不动产投资顾问有限公司,公司008420195973788,武汉众信汇银财富投资管理有限公司,公司008110195992788,北京顺生源投资管理咨询有限公司,公司008230759990012,国汇财富投资管理（大连）有限公司伊春分公司,公司008331195978795,丽水市繁均投资咨询服务有限公司,公司008370595994539,广饶县红昌投资咨询服务有限公司,公司008110195971005,北京天泰人和医疗投资管理有限公司,公司011441995968483,东莞市安家实业投资有限公司,公司008510495992108,攀枝花市金典置业投资顾问有限公司,公司008310195997586,上海漾元投资咨询有限公司,公司008320595984233,苏州市三旭投资咨询有限公司,公司008330295976427,宁波金尚投资管理咨询有限公司,公司008310195996550,枢歌教育投资（上海）有限公司,公司008440795973429,江门市新会区源合投资策划有限公司,公司008320195989126,南京启德投资咨询有限公司,公司008520195972984,贵州银玉活石文化投资开发有限公司,公司013442095999798,中山市华融汇众投资管理有限公司,公司008310196013195,上海多信投资管理有限公司,公司008371196002777,日照瀚源投资咨询有限公司,公司008440195446128,广州市奔盈实业投资有限公司,公司008450196018070,广西南宁市益之星投资有限公司,公司008320196014150,南京汇耀投资管理有限公司,公司008441995999581,东莞鹏智实业投资有限公司,公司008450996067200,玉林市安特农业投资有限公司,公司008450196068711,广西新南国文化投资有限公司,公司008510196043036,成都市鼎盛恒业投资咨询有限公司三圣分公司,公司008130696035002,保定融卓投资咨询有限公司,公司013441996044791,东莞市御旭辉实业投资有限公司,公司008440396038981,深圳市绿景荣实业投资有限公司,公司008340696044962,淮北市鼎域投资管理有限公司,公司008510196039698,成都圣新投资管理有限公司,公司013440396028161,深圳苏乡金融服务有限公司,公司008441996040013,东莞市实而美实业投资有限公司,公司008450996034001,广西玉林兴博投资管理有限公司,公司008450196042932,广西金享投资有限公司,公司013440396027725,深圳微网投资控股有限公司,公司008370596034890,东营市恒大投资咨询有限责任公司,公司008370296042319,青岛二八零零投资管理有限公司,公司008450196033874,广西骆越十一投资发展有限公司,公司008440396026266,深圳市智汇鑫投资咨询有限公司,公司008431196028800,永州市零陵区亨利投资有限公司,公司008320596057603,苏州智盛晟达投资咨询有限公司,公司008530796051751,丽江祥利投资有限公司,公司008620100000095,甘肃省兰州市城甘肃济贤地产经济投资有限公司,公司013440396060207,深圳市宏盛投资管理有限公司,公司008440396056422,深圳市新新浩商场投资有限公司,公司013441996073131,东莞市宇杰实业投资有限公司,公司008440396077020,深圳市洪波伟业投资发展有限公司,公司008230196076753,五常市华盛投资咨询有限公司,公司013440396076747,深圳市前海美投资产管理有限公司,公司008310196076944,上海智麦投资管理有限公司,公司008511596077270,宜宾市亿顾投资信息咨询服务有限责任公司,公司008370696074029,烟台冠泓投资咨询有限公司,公司013440396075778,深圳中耀投资控股有限公司钰龙园营业部,公司008230196076584,哈尔滨鑫邦投资管理有限公司,公司008320596075006,苏州百盛财富投资管理有限公司,公司008310196088334,上海协鸿投资咨询有限公司,公司008440696080648,广东省佛山市致谊融资咨询有限公司,公司008310196091896,上海齐信投资咨询有限公司,公司008370296100498,青岛中弛财富投资管理有限公司,公司008370696088254,烟台慧金行投资咨询有限公司,公司008450196093220,广西荣峰天下金融技术服务有限公司,公司008361196092530,上饶商迅投资管理有限公司,公司008340696088154,淮北市鑫智投资管理有限公司,公司008110196099147,北京鑫富达投资基金管理有限公司,公司008430196093417,湖南汉秦投资管理有限责任公司,公司008330796086652,义乌市荣帆投资管理有限公司,公司008451096082150,广西百色市益博投资有限公司,公司008320596096529,苏州乐桥投资管理有限公司,公司008350296101860,厦门未来云端投资有限公司,公司008371196097301,日照市东港区财沃投资公司,公司008320595749462,江苏融迅投资管理有限公司,公司008440695799705,佛山市利得融通投资有限公司,公司008331096087747,临海市辰鹏投资咨询有限公司,公司008410196103540,河南汇智金融服务有限公司,公司008230196101313,哈尔滨盈和投资咨询有限责任公司,公司008331096104766,台州市路桥同心金融服务外包有限公司,公司008310196083016,上海域洲投资管理有限公司,公司008350196085313,福建鑫同昌投资咨询有限公司,公司008110196103870,北京九闻投资管理有限公司,公司008310196095564,上海怡阳投资管理有限公司,公司008110196089801,中创财富（北京）投资担保有限公司,公司008310196102372,上海红萍投资咨询有限公司,公司008360796093714,赣州佰川投资管理有限公司,公司008511596095050,深圳科信快捷金融服务有限公司宜宾分公司,公司008450196093867,广西南宁聚腾投资管理有限公司,公司008310196086067,莫道投资管理（上海）有限公司,公司008320196084229,南京恒元策投资管理有限公司,公司008440396096948,深圳市宗天鼎义投资发展有限公司,公司008340896107034,安庆市弘恩教育投资管理有限公司,公司008130696103048,保定恒惠投资咨询有限公司,公司008320196134744,南京利众置业投资集团有限公司第叁佰贰拾肆分公司,公司008110196131038,北京信利合投资顾问有限公司,公司008440196120679,广州域首投资管理有限公司,公司008500159990362,重庆川升非融资性担保有限公司,公司008440896109314,湛江开发区东正投资咨询有限公司,公司008320196135813,南京利众置业投资集团有限公司第贰佰玖拾伍分公司,公司008450296111772,柳州市恒升投资咨询有限公司,公司008370796109589,诸城市大宋投资咨询有限公司,公司008450196120311,广西尚霆投资有限责任公司,公司008320196120345,南京利众置业投资集团有限公司第四百二十七分公司,公司008110196129022,北京华宝投资管理有限公司,公司008130196131844,河北鸿屹投资咨询有限公司,公司008450196133031,广西九只蚂蚁互联网金融服务有限公司,公司008310196111342,上海金庞金融信息服务有限公司,公司008370295514668,青岛盛达保诚投资有限公司,公司008320596128043,苏州鸿伟佳业房地产投资顾问有限公司姑苏分公司,公司008440396109239,深圳市中盈浩投资发展有限公司,公司008320196134821,南京利众置业投资集团有限公司第柒拾分公司,公司008440496119092,珠海东弘投资有限公司,公司008230196120185,哈尔滨海淼汇天投资咨询有限公司,公司008110196128787,北京仁信堂医院投资管理有限公司,公司008440496135255,珠海前江投资顾问有限公司,公司008440196119724,广州楚誉投资管理有限公司,公司008441996127806,东莞市东鹰实业投资有限公司,公司008441296127893,端州区嘉和投资咨询服务部,公司008331096131596,台州金盈金融服务外包有限公司,公司008320896152715,淮安信天贷款公司业务咨询有限公司,公司008320196143414,南京利众置业投资集团有限公司第贰佰伍拾贰分公司,公司008650196165953,新疆鑫荣财富投资管理有限公司,公司008510196151255,成都锐安捷投资有限公司,公司008610196163400,西安秦梦投资有限公司,公司008500100004499,重庆衍聃投资管理有限公司,公司008440396137698,深圳市大冲房地产投资顾问有限公司,公司008440396139786,深圳市企讯投资管理有限公司,公司008320196128946,南京恒昌久丰投资管理咨询有限公司,公司008450196139905,广西明涛投资有限责任公司,公司008350196159553,福建颢瑞投资有限公司,公司008450196138015,广西博瀚投资咨询有限公司,公司008340696144510,淮北元禄投资理财咨询有限公司,公司008420996156895,湖北梦飞投资咨询有限公司,公司008510196158863,成都金恒信投资咨询有限公司,公司008310196147268,上海奕蓓金融信息服务有限公司,公司015441996178556,东莞市海恒实业投资有限公司,公司008321396191821,泗洪共富投资咨询有限公司,公司008320596180570,智信创富金融信息服务（上海）有限公司常熟分公司,公司008320196174523,南京利众置业投资集团有限公司第一百一十一分公司,公司008320196173850,南京利众置业投资集团有限公司第一百二十四分公司,公司013440396173388,深圳市前海富霖投资咨询有限公司,公司008330196191310,杭州策润投资管理有限公司,公司008321096167604,扬州助鑫投资管理有限公司,公司008320196168993,南京利众置业投资集团有限公司第七十六分公司,公司008320596185752,正鼎投资有限公司,公司008360496192991,江西永讯投资咨询有限公司九江分公司,公司008321396175754,江苏睿金投资咨询有限公司,公司008440396168181,深圳市金博金融信息咨询有限公司,公司008110196203936,嘉石财富（北京）投资管理有限公司,公司008110196211949,北京中汇信融国际投资管理有限公司,公司008441696200140,河源市苏金投资咨询有限公司,公司008320196227461,南京利众置业投资集团有限公司第贰拾捌分公司,公司008330796206551,义乌市群鑫金融服务外包有限公司,公司008654096223745,都拉塔融晨升投资有限责任公司,公司008110196212153,鑫海鸿业（北京）投资管理有限责任公司,公司008320196199990,南京利众置业投资集团有限公司第贰拾柒分公司,公司008520196226345,贵州北资圈投资管理有限公司,公司008110196213734,北京恒利乾坤投资咨询有限公司,公司015440396226813,深圳市前海城悦投资发展有限公司,公司008320196199823,南京利众置业投资集团有限公司第捌拾壹分公司,公司008110196214554,中海福瑞房地产投资管理（北京）有限公司,公司008440496200799,珠海同百全投资有限公司,公司008450196225281,广西南宁芳香农业投资有限公司,公司008110196205647,北京荣兴投资管理有限公司,公司008320196209677,南京利众置业投资集团有限公司第贰佰柒拾柒分公司,公司008130996234931,沧州市秋实投资咨询有限公司,公司008440496234739,珠海市宇辰投资咨询有限公司,公司008210196234860,辽宁映球产业投资有限公司,公司008310196246984,上海势观投资管理有限公司,公司008130196234595,石家庄跃腾投资管理有限公司,公司008440896231428,湛江天盈投资信息咨询有限公司,公司008110196242450,北京卓信投资管理有限公司健身服务分公司,公司008350296241043,厦门蝌蚪餐饮投资管理有限公司,公司008320596234278,苏州中元汇融金融信息服务有限公司,公司008310196258223,上海夷豪投资管理有限公司,公司008440196256025,广东绿啊健康产业投资有限公司,公司008320596237071,苏州海德胜投资管理有限公司,公司008440196248023,广东龙祥投资有限公司,公司008440396238663,广东省深圳市双盈伟业投资发展有限公司,公司008440396237939,深圳市蓝嘉天投资管理有限公司,公司008440496283326,珠海市新干线投资咨询有限公司,公司008370295896548,青岛瑞驰国盛投资管理有限公司,公司008420196274456,武汉德川伟业投资管理有限公司,公司008440196273339,广州市盛如隆投资咨询有限公司,公司008450196280176,广西纵联行投资管理有限公司,公司008331096266735,台州市路桥区鸿博投资咨询服务部,公司008341895948798,安徽在路上非融资担保有限公司,公司008430196272506,长沙兴彦投资管理有限公司,公司008370696090944,烟台三木投资有限公司,公司008320595950297,昆山友利投资管理有限公司,公司008110196287028,北京京冀汇房地产投资顾问有限公司,公司008420195787452,武汉赢信金融服务有限公司,公司008110196275467,秦瀚堂文化投资（北京）有限公司,公司008440496292976,珠海市富源众筹互联网金融服务有限公司,公司008450196292142,南宁思扬地产投资有限公司,公司008321096302263,扬州鼎赢投资管理有限公司,公司008370196313673,山东润生投资有限公司,公司008440396312419,深圳市奇异兄弟农业投资发展有限公司,公司008320196306577,南京七仙湾投资管理有限公司,公司008441996332982,东莞市鸿裕房地产投资顾问有限公司,公司008321296326593,泰州市鸿易盛投资管理有限公司,公司008440396346287,深圳祥和兴投资管理有限公司,公司008440396344148,深圳市广富融通投资发展有限公司,公司008370196345468,济南万鑫投资有限公司,公司008450196045792,广西一线置业投资有限公司,公司008320596327613,张家港港城福车友汽文化投资管理有限公司,公司008430196319280,长沙市思慕寨投资咨询有限公司,公司008310196347089,上海生景投资有限公司,公司008230196341670,哈尔滨信诚祥投资管理有限公司,公司008440396326071,深圳市中鑫盛业投资发展有限公司,公司008410195501232,郑州宏通投资有限公司,公司008441396373815,惠州市亲朋实业投资有限公司,公司015320596358183,苏州德扬教育投资有限公司,公司008321396367993,宿迁市同利投资管理有限公司,公司015460196353466,海南豪亿投资有限公司,公司008330396358008,温州鑫星原投资咨询有限公司,公司013440396361929,深圳市圳美国际投资控股有限公司,公司013440396355377,深圳市宝海投资担保有限公司,公司015450196375845,南宁高寿源投资有限公司,公司008320595925992,苏州茂行投资顾问有限公司,公司008320296389909,江阴众壕金融信息服务有限公司,公司013440396401747,深圳市中元世界投资咨询有限公司,公司008530496388191,玉溪瑞达投资有限公司,公司008110196394441,北京中鼎东方投资管理有限公司,公司015110196385245,北京暖阳投资管理有限公司,公司008441396388174,惠州市权康投资管理有限公司,公司008410196400679,河南汉福金融服务有限公司,公司008440396389031,深圳市益源投资发展有限公司,公司008510196427714,成都市运捷房地产投资管理服务有限公司,公司008310195887175,上海河岳投资管理有限公司,公司008520196421770,贵州盛宇农业投资发展有限公司,公司008510195974627,成都圣誉华堂投资理财信息咨询有限公司,公司008440396428573,深圳诺西卡投资资产管理有限公司,公司015450196435857,广西南宁方庆投资有限公司,公司010440196422283,广州博实美象投资管理有限公司广州南站第一分店,公司013440396418767,远山田礼（深圳）农业投资有限公司,公司008230695926475,肇州县睿信投资咨询服务有限公司,公司008440696427394,佛山市红头船金融外包服务有限公司,公司008320596422162,苏州贝臻投资咨询有限公司,公司008450196411109,广西冠美投资有限公司,公司009310196419435,上海卡悦金融信息服务股份有限公司,公司008440396444008,深圳公兴和投资发展有限公司,公司008440396440136,深圳市万融德投资担保有限公司,公司008370196439986,济南燊恒投资咨询有限公司,公司008440396440876,深圳市势成达教育投资发展有限公司,公司008650196448352,新疆九鼎聚鑫投资管理有限公司,公司008440396454899,深圳市晟铭枫投资有限公司,公司008350196455357,福州市润丰投资管理有限公司,公司015450196433053,广西茉莉花开发投资有限公司,公司008320596449381,苏州朝夕投资管理有限公司,公司008440396451047,深圳市弘景吉茂互联网金融服务有限公司,公司015510796448926,四川博胜投资有限公司,公司008340196452766,善林（上海）金融信息服务有限公司庐江塔山路分公司,公司008320596450657,苏州汇鼎金融信息服务有限公司,公司008230196453060,哈尔滨盈谷联创投资管理有限公司,公司008230196452339,黑龙江九合投资管理有限公司,公司008450196458783,广西嘉铭投资管理有限公司,公司008230196459876,深圳融信网金融信息服务有限公司哈尔滨第一分公司,公司008320196459883,南京天曦投资管理有限公司,公司008530996463521,临沧荐湘投资管理有限公司,公司008440396198213,广东省深圳市罗湖智慧网络投资有限公司,公司008440100001547,广州易璞金投资咨询有限公司,公司008310196484562,上海羿钫投资管理有限公司,公司008110196485946,中仁愉康养老投资管理（北京）有限公司,公司008440396494240,深圳市雷尼尔海外置业投资顾问有限公司,公司013440396480633,深圳市中珍投资有限公司,公司008310196491628,上海安因苏投资管理有限公司,公司008110196501275,北京鑫雨银通投资管理有限公司,公司008321396475354,宿迁市富惠投资管理有限公司,公司015321196527066,江苏图兴建设投资有限公司,公司008320296324533,江阴市祝塘东泰投资咨询服务部,公司008340696513646,淮北市开森投资理财咨询有限公司,公司008320196505846,江苏盛民易投资管理有限公司,公司013442096520917,中山市星火汇企业投资管理咨询有限公司,公司008310196508022,上海沐泓投资管理有限公司,公司013440196510598,广州易太投资咨询有限公司,公司008441996502589,广东登宝实业投资有限公司,公司008510796111413,绵阳伙伴投资管理有限公司,公司008450396481099,桂林金城投资咨询有限公司,公司008440396527227,深圳市融易惠民投资管理有限公司,公司008500196518308,重庆宝峥德投资咨询有限公司,公司008130196530264,河北捷冉投资管理有限公司,公司008110195734797,北京红状元投资控股有限公司,公司008500196542957,重庆明松投资有限公司,公司008110196548659,北京至家投资管理有限公司,公司002321096536570,扬州市澜曦投资管理有限公司,公司008370296536720,青岛皓强投资咨询有限公司,公司008370296552356,青岛鼎晟恒投资管理有限公司,公司008440196537306,广东华道教育投资有限公司,公司008441996551625,东莞市华屹投资管理有限公司,公司013440396558157,德鲁克（深圳）投资有限责任公司,公司008370295518743,青岛永聚投资顾问有限公司,公司008440396169417,深圳零二零投资有限公司,公司013511196555231,乐山融亿投资有限公司,公司008150496543468,克什克腾旗金富通投资咨询有限公司,公司008370296532028,青岛久信投资管理有限公司,公司008440496544154,珠海锐腾投资有限公司,公司016645296572679,保定八爪鱼投资有限公司,公司008440396404633,深圳市新意通彩轩投资发展有限公司,公司008110196568864,北京浩天祥投资有限公司,公司008410196574013,河南晟淳投资管理有限公司,公司008310196567229,上海欣杰投资管理有限公司,公司016626296543628,抚州大唐伟业投资管理有限公司,公司008440396596422,深圳市广浩源投资管理有限公司,公司008370196612072,山东启腾投资咨询有限公司,公司015450196606487,广西南宁华海房地产投资有限公司,公司013440396616859,深圳市东恒盛投资发展有限公司景园酒店,公司008410196604037,河南中投厚金投资管理有限公司,公司015340696594268,淮北鼎耀投资管理有限公司,公司013321296605009,江苏慧都实业投资有限公司,公司015429096592317,潜江万宇投资有限公司,公司008640196604411,宁夏辰天投资管理有限公司,公司015340196631094,安徽省合肥约朗德投资管理有限公司,公司008320196623975,南京港胜房地产投资顾问有限公司,公司015450196633728,广西明阳中垦投资管理有限公司,公司015510196626305,成都国信金石股权投资基金管理有限公司,公司008320196633502,南京汇众盈峰金融信息服务有限公司,公司008430196644729,湖南宽发投资管理有限公司,公司015310196623650,上海贤爱投资管理有限公司,公司008321096621496,江苏知远投资发展有限公司,公司013440396674417,深圳我爱创业金融有限公司,公司008442096160619,中山市盈枫资产投资管理有限公司,公司008001195522279,北京金盛恒益投资有限公司,公司008370295765077,青岛萧一融信投资咨询有限公司,公司015441996696318,东莞市鼎兴投资管理有限公司,公司015340696685978,安徽省杰奥投资管理有限责任公司淮北分公司,公司008110196694343,北京荆辰投资咨询有限公司,公司008110196707259,华融众投金融服务外包(北京)有限公司,公司013440396716612,深圳嘉好汇投资有限公司美食广场,公司008150496712807,巴林左旗金冠投资咨询有限公司,公司008320696711211,金兑投资管理江苏有限公司,公司008510196731970,四川亨泉投资发展有限公司,公司008610196718095,北京东方华尔金融咨询有限责任公司西安分公司,公司008211196475573,盘锦盛伦投资管理有限公司,公司015110196731550,北京宝利天合投资顾问有限公司,公司015340196726356,安徽康坤投资管理有限公司,公司008370696735542,烟台佑洲投资有限公司,公司008310196713258,上海硕氪体育文化投资管理有限公司,公司008320496755109,常州市巨龙投资管理有限公司,公司008340296753271,芜湖蜜蜂投资管理有限公司,公司008310159990200,上海旻程投资管理有限公司,公司008520196758201,贵阳永豪投资有限公司,公司015340796759341,铜陵昊鑫金融投资咨询有限公司,公司008360796750294,赣州市普惠鑫金融服务有限公司,公司008310196761022,上海亿茂投资咨询有限公司,公司013370696763914,莱阳市汇通投资咨询有限公司,公司008110196739075,中商世融投资有限公司,公司014440396796307,深圳市王大厨餐饮投资管理有限公司,公司013440396777089,深圳市创茶空间投资发展股份有限公司软件产业基地分店,公司008320896786328,淮安翔博投资管理有限公司,公司015130196843973,石家庄融溪投资咨询有限公司,公司015130196847678,石家庄创融投资咨询有限公司,公司014420196807893,湖北汇业商业地产投资有限公司杨汊湖店,公司002320596809345,山东华集金股权投资基金管理有限公司苏州分公司,公司008350696851290,漳州市商银联汇投资咨询有限公司,公司008422895793462,恩施市双辉合信投资咨询有限公司,公司015441996842377,东莞龙行天下投资发展有限公司,公司008370796823703,潍坊海川投资有限公司,公司008110196823978,华夏为康投资管理（北京）有限公司,公司008440396831926,深圳市瑞丰银投资发展有限公司,公司008370296811236,青岛众鑫顺投资咨询有限责任公司薛家岛分公司,公司008500196856452,重庆师导投资管理咨询有限公司,公司015320596884528,苏州金燎原投资管理有限公司,公司014640196862298,宁夏金利强投资咨询有限公司,公司015441996884357,广东岳峰实业投资有限公司,公司015520196860355,贵阳花溪阳光城市投资经营有限公司,公司008340695294417,淮北市浩然投资理财咨询有限公司,公司015320196881642,南京快意投资管理有限公司,公司015510196859882,成都佑纬投资管理有限公司,公司015430396890355,湖南融丰恒业投资咨询有限公司,公司018450196890668,南宁市汇宾餐饮投资有限公司,公司008450196894561,广西嘉瑞投资管理有限公司,公司015340196899791,安徽龙微投资管理有限公司,公司016322196770476,合肥池城汇池州投资咨询有限公司,公司008370673990007,烟台君略投资有限公司,公司008130796897168,张家口零通商理财服务有限公司,公司008440396897259,深圳市金未来投资管理有限公司,公司015310196933559,云塔投资管理（上海）有限公司,公司016102296919782,四川盛世鸿创投资管理有限公司,公司015330396930416,温州多赢投资咨询有限公司,公司015451296939999,广西正德堂文化发展投资有限公司,公司015640196917895,宁夏添远金融电子商务有限公司,公司013440196943825,广州南璟投资管理有限公司,公司015450196937535,广西恒富通股权投资基金管理有限公司,公司008321396958693,泗阳县新世界投资咨询有限公司,公司008441396954258,惠州市三度实业投资有限公司,公司015331096953194,台州金盈金融服务外包有限公司,公司013370696861458,烟台洲际投资有限公司,公司015440396973440,深圳西善文化投资有限公司,公司015440396998795,深圳市群达投资发展有限公司,公司008370296993841,青岛海润共赢投资管理有限公司,公司008310196979593,上海鹏志投资管理有限公司,公司008230597000910,双鸭山市诸葛天下投资管理中心（有限合伙）,公司015310196987319,上海硕贾投资管理有限公司,公司008320696997253,南通泛汇投资管理有限公司,公司015510796977560,平武县九路达农贸市场投资管理有限公司,公司008150497006849,林西庆环投资管理有限公司,公司015320397014563,徐州汉风投资管理服务有限公司,公司008440397015943,深圳市豫豹投资有限公司,公司008360197017067,江西博泰金融信息服务有限公司,公司008370696675119,山东省烟台市莱阳市鼎诚投资有限公司,公司008220297024054,吉林市恒生财富投资有限公司,公司008420197029828,武汉德佑房地产投资顾问有限公司,公司013430197035324,湖南一个城教育投资管理有限公司,公司015520197061153,贵州龙庄茶业投资股份有限公司,公司008360197045861,南昌派森投资管理有限公司,公司008210297049096,北京麦时鼎润投资管理有限公司大连分公司,公司008320697041255,南通市锴龙投资管理有限公司,公司008150497045367,林西博纳盛达投资管理有限公司,公司008360197035155,江西金蟾金融服务有限公司,公司015450997037005,广西项于耿投资管理有限公司,公司015110197089172,北京育龙教育投资有限公司,公司008310197071081,上海京承投资管理有限公司,公司015640197086173,宁夏森玥投资有限公司,公司015310197076320,上海萨基投资管理有限公司,公司008440397083369,深圳市都印元投资有限公司,公司013360797067818,赣州鑫鸿投资信息咨询有限公司,公司008310197082239,上海汝阳投资管理有限公司,公司008510196096553,四川安盛宝股权投资基金管理有限公司,公司015500196581397,重庆广汇恒远投资有限公司,公司008440397094232,深圳市前海科思投资发展有限公司,公司015440397107182,深圳市易能达投资发展有限公司,公司015530197104049,云南明朋投资管理有限公司,公司008310197096714,上海叙伦投资管理有限公司,公司015331097105630,台州市路桥区世典投资咨询服务部,公司008370797111057,潍坊市润和投资咨询有限公司,公司014450397115128,广西金固投资管理有限公司,公司013370697113857,招远信义投资有限公司,公司015440297136598,韶关市风釆易汇投资咨询有限公司,公司008370296811051,青岛成瑞泽投资咨询有限公司,公司008320595443986,苏州永充投资咨询有限公司,公司008440197131903,广州金融书店有限公司,公司013450397123390,桂林市元一生命健康产业投资管理有限公司,公司015430297141467,攸县吉利财富金融投资管理服务有限公司,公司015640197141500,宁夏众德瑞投资管理有限公司,公司008440497152340,珠海市珠信投资咨询有限公司,公司015340796849453,铜陵盛云投资咨询有限责任公司,公司015445297154763,深圳市聚划算餐饮投资管理有限公司,公司015510197165990,成都市尤美投资管理有限公司,公司008320197145724,南京狮子岭投资管理有限公司,公司013370796327692,潍城区城关天宁投资咨询中心,公司008440195730967,广州哆哆贷投资咨询有限公司,公司008440397156404,深圳市文玩收藏投资有限公司,公司015350997160420,福建龙安金融服务有限公司,公司015420197162536,鸿路行(武汉)建设投资有限公司,公司008441897142336,清远市君来泰投资咨询有限公司,公司008440397177890,深圳安康福科技投资有限公司,公司008320597195042,江苏省苏州市吴中区名居屋房产金融,公司015512097184016,四川米米邦金融服务外包有限公司,公司015512097172536,四川米米邦金融服务外包有限公司资阳分公司,公司015320297181460,无锡新摩尔房地产投资咨询有限公司,公司015640597189017,中卫市通甲投资有限公司,公司015510697202098,四川坤旌投资有限公司,公司008150496635570,赤峰环盈投资管理有限公司,公司015320597211575,苏州信丰元和投资管理有限公司,公司015220197216899,吉林省宝缘投资管理有限公司,公司011441995979128,东莞市王统房地产投资咨询有限公司,公司015640197221981,银川闽川源投资有限公司,公司013440397217417,深圳市佳宜投资发展有限公司,公司015220197211559,长春市众金投资管理有限公司,公司015420197207665,武汉鑫源盛世投资有限公司,公司015330197207982,杭州芸台投资管理有限公司,公司015340197203928,安徽蜂鸟金融信息服务有限公司,公司008440397204106,深圳道国诚际投资咨询有限公司,公司015370297206661,青岛谷悦台餐饮投资管理有限公司,公司015450197205059,南宁达哈斯餐饮投资管理有限公司,公司015510197219241,四川省鑫瑞恒生金融服务外包有限公司,公司015650197212294,新疆顺泰豪投资有限公司,公司008330395778418,温州融恒投资管理有限公司,公司015440997232322,茂名睿融财富投资有限公司,公司015510797232641,绵阳煌佳投资管理有限公司,公司008320697229291,南通腾通投资管理有限公司,公司015510197236223,成都浩特赛文庭投资管理有限公司,公司015510197236223,成都浩特赛文庭投资管理有限公司,公司015610197240004,陕西汉唐商贸投资发展有限公司,公司015220197242541,吉林省翼财富投资管理有限公司,公司013430197232065,湖南省大岸投资管理有限公司,公司015341297227642,安徽省鼎铭金融信息咨询有限公司,公司008320595925489,苏州腾朗投资咨询有限公司,公司015230297245519,齐齐哈尔浦兴投资管理有限责任公司,公司015320597253250,苏州古美门投资咨询有限公司,公司015410197252825,河南豫金所金融服务有限公司,公司015520197249654,贵州中赢珠投资有限公司,公司015310197258226,上海昊传投资管理有限公司,公司009440397267442,深圳市思迈健身投资管理有限公司,公司013451297265214,广西嘉仕顿投资有限公司,公司015450197260655,广西信惠投资有限公司,公司008440397269275,海康智联金融服务深圳有限公司,公司008131197269088,衡水琳轩投资咨询有限公司,公司015520196633997,贵州弘丰恒业投资管理有限公司,公司015230197251891,哈尔滨均信投资担保股份有限公司先锋分公司,公司015450197268190,广西东方启航教育投资有限公司,公司015320297270460,江苏省江阴市众壕金融信息服务有限公司,公司015440397265656,深圳市荣生房地产投资有限公司,公司018440397270556,深圳市阿信坊商业投资有限公司,公司008330897274591,衢州玖鑫投资咨询有限公司,公司015340197251862,安徽微圈投资咨询有限公司,公司015520197298608,贵州众旺诚源投资有限公司,公司015350297283522,厦门连信金融技术服务有限公司,公司015331097282687,台州亚弘金融服务外包有限公司,公司015440197298955,广州翼添投资有限公司,公司015310197287072,上海银彭投资管理有限公司,公司015441397287200,惠州市洺富实业投资管理有限公司,公司015231197293669,九三局直远东实力投资咨询处,公司015320597299476,苏州志恒投资咨询有限公司湖岸名家分公司,公司015320697299690,南通启翔投资管理有限公司,公司016770197280710,上海融蝶投资管理有限公司,公司015450597295734,北海百隆投资有限公司,公司015320597287726,苏州飞牛投资管理有限公司,公司015320897278724,清河区融侨投资咨询服务中心,公司015510197284452,成都雨泽投资管理有限公司,公司015110197291324,北京华胜财富投资管理有限公司,公司015321397117538,江苏银方投资管理有限公司,公司008441997300969,东莞市金口医疗投资有限公司,公司015441997301364,东莞市莞盈贷款代理有限公司,公司015321397316601,沭阳锦荣投资管理有限公司,公司015220197329912,长春市宏远投资有限公司,公司015230197307834,哈尔滨市云创投资咨询有限公司,公司015110197320580,北京盈信恒泰投资管理有限公司,公司008360196403803,南昌智泽南福实业投资中心,公司015320597321694,苏州高大上非融资性担保有限公司,公司008441997315931,东莞市张琪医疗投资有限公司,公司015310197323549,上海安熙投资管理有限公司,公司015140397329009,阳泉市金来投资咨询有限公司,公司015320597331058,苏州三逐非融资性担保有限公司,公司015440397289659,深圳市鑫创盈投资咨询有限公司,公司008310197316105,瀚贺投资管理咨询（上海）有限公司,公司015440397322803,深圳市华慈投资发展有限公司,公司015310197308839,上海湘湘投资管理有限公司,公司015320597332335,苏州新逸盛不动产投资有限公司,公司015320597310794,江苏泛金投资咨询管理有限公司,公司015220197307691,农安县宏利投资咨询有限公司,公司015320897323475,涟水华尚投资管理有限公司,公司015320597332969,江苏春雷非融资性担保有限公司,公司015440397310217,深圳市星鼎投资有限公司,公司015340197335059,安徽露香农业投资有限公司,公司015210297341262,大连源发投资咨询有限公司,公司015320697338389,南通鑫鼎投资咨询有限公司,公司018510197357191,四川秀丽东方投资管理有限公司,公司015320197340398,南京汉林轩金融信息服务有限公司,公司015321397340699,宿迁金鸿投资咨询有限公司,公司015341097350504,大润发投资有限公司汤口分公司,公司008350197335013,福州贝康医疗投资有限公司,公司015510197335353,成都亚融普惠金融服务外包有限公司,公司015340197336011,合肥好先生企业投资有限公司,公司008441996162427,东莞市茂兴实业投资有限公司,公司015510197342057,成都光业投资有限责任公司,公司015510197260970,四川聚源万盛金融服务外包有限公司,公司008530196997400,云南东岭投资有限公司,公司015350297376276,厦门数易贷投资管理有限责任公司,公司015310197363559,上海瀚奕投资咨询有限公司,公司015341597331196,六安市金汇隆融资咨询服务有限公司,公司008440397361684,深圳建元金融服务有限公司,公司015430197380503,中山后客酒店投资管理有限公司星沙店,公司015420197366728,武汉瑞博投资管理咨询有限公司,公司015510197294353,成都乐哈哈金融服务外包有限公司,公司015220197362100,长春市盛通投资有限公司,公司015371697329058,山东尚锦投资有限公司,公司015222497374319,吉林省延吉市延西街1003号万豪贷款租车,公司015310297373399,上海陆基金融信息服务中心,公司015520197300338,贵州黔兆投资管理有限公司,公司015420197365924,武汉楚信鸿飞投资管理有限公司,公司015220197376568,长春市前海智融投资有限公司,公司015150497376791,元宝山区恒信通投资信息管理处,公司015320197391536,南京文成投资管理有限公司,公司015310197395492,上海鼎传投资管理中心,公司015520397395019,贵州省仁怀市顺祯投资有限公司,公司015460197390121,深圳市大唐神州商业投资有限公司海南分公司,公司015510197385450,北京黄金轨道投资管理有限公司四川分公司,公司015440897406590,湛江德华非融资性担保有限公司,公司015640197381309,宁夏捷易融通投资咨询有限公司,公司015440497392178,珠海市盈易快捷房地产投资有限公司,公司015620197406120,甘肃兴圣投资管理有限公司,公司015330397340524,温州市洞头杰峰投资咨询有限公司,公司015110296618737,北京荣华佳业投资管理有限公司,公司015520397397563,贵州贵盟能源投资管理开发有限公司,公司008310196223332,上海浦东新区千御企业投资服务中心,公司015510197393347,优浜（上海）互联网金融信息服务有限公司,公司015230697401180,深圳同盈股权投资基金管理有限公司大庆分公司,公司015310197403858,上海怡阳投资管理有限公司,公司015321397394287,宿迁名辉投资有限公司,公司015320297432173,惠山区百思特投资咨询服务部,公司015420197432349,武汉鑫佰胜金融服务有限公司,公司008320597423503,苏州赢人脉投资管理服务有限公司,公司015520197418978,贵州天翔投资管理有限公司,公司015340197413892,合肥海燕投资管理有限公司,公司015110197426496,北京帮企业投资管理有限公司,公司015652197424912,吐鲁番大德投资有限公司,公司015320597414690,昆山广福投资管理有限公司,公司015310197426124,上海壳嵊投资管理有限公司,公司015450197420873,广西宏览投资管理有限责任公司,公司016087497420452,江苏省苏州市广振非融资性担保有限公司,公司015340197416668,安徽友汇金融信息咨询服务有限公司,公司015310197420410,高足投资管理（上海）有限公司康桥分公司,公司015320597412657,苏州宝升非融资性担保有限公司,公司015370297430194,青岛钰信卓越投资管理有限公司,公司015360197404968,江西中远亨投资信息服务有限公司,公司015330397415139,温州信捷投资信息咨询有限公司,公司015510197441210,成都赛辉投资咨询有限公司,公司015220197451916,吉林省瑞坤投资有限公司,公司015440497435376,珠海聚融房地产投资有限公司,公司015510797434046,四川嘉信和金融服务外包有限公司绵阳分公司,公司015320697434216,江苏畅想投资管理有限公司,公司015640197449571,灵武市林立投资咨询有限公司,公司015320597438042,苏州宜信小宝投资咨询有限公司,公司015440397454043,深圳世华房地产投资顾问有限公司棕榈堡分公司,公司015321397482415,宿迁云汇投资管理有限公司,公司015340796949548,铜陵市协程金融咨询有限公司,公司015320597511919,苏州市泰顺元投资管理有限公司,公司015321397443611,江苏乐帮非融资性担保有限公司宿迁分公司,公司015520497440726,安顺贵鸿投资有限公司,公司015320597436270,苏州微宝投资有限公司,公司015320597454853,苏州铂禾投资有限公司,公司016757897448929,北京紫晨轩工艺收藏品投资顾问有限公司,公司015341597450980,霍山县聚信投资咨询有限公司,公司015440197448327,广州市专策投资咨询有限责任公司,公司015310197438583,上海启脉医疗投资有限公司,公司008500195786877,重庆市旭龙投资有限公司,公司008321396085577,宿城区九二零投资咨询服务部,公司015230197479047,哈尔滨亿卡拉金融理财网络服务有限公司,公司015520197474372,贵州大邦房地产投资咨询有限公司,公司015320597479154,江苏金雅当投资有限公司,公司015371197474665,日照市腾森金融信息服务有限公司,公司015440397481395,深圳好一生投资发展有限公司,公司015370297473961,青岛鸿瑞达投资咨询有限公司,公司015520197474065,贵安新区贵远创富投资有限公司,公司015440997463276,广东省茂名市诚汇投资咨询有限公司,公司015310197480790,上海彩贝投资管理有限公司,公司008450396304220,桂林裕旗实业投资有限责任公司,公司015210297477200,大连万鑫达投资咨询有限公司,公司015340197471222,安徽乐居投资管理有限公司,公司015340197476252,安徽春荷投资理财咨询有限公司,公司015310197457146,上海毓怡投资管理有限公司,公司015450997458829,北流市弘毅投资有限公司,公司015340197461118,安徽浪风投资有限责任公司,公司015320597476462,苏州东智非融资性担保有限公司,公司015310197489944,上海颐翮投资咨询有限公司,公司015321397470104,江苏万钧投资咨询管理有限公司,公司015440997489761,茂名市众信投资有限公司,公司015310197505652,智廉（上海）金融信息服务有限公司,公司015440997496189,茂名高盛投资管理有限公司,公司015330497491468,嘉兴龙辉金融服务外包有限公司,公司015520197483039,贵州盛世华轩投资咨询有限责任公司,公司015440597506194,广东柠萌时代投资有限公司汕头高新音响设备分公司,公司015330897501827,开化飞鸿投资信息咨询服务部,公司015440397484435,深圳市龙华新区春波投资咨询服务中心,公司015370497496407,滕州市滕城金融信息服务有限公司,公司015310197495168,上海芈峰投资管理有限公司,公司015110197508862,北京金通胜投资管理有限公司,公司008152500000004,二连浩特市百信投资咨询有限公司,公司015210297508914,大连中达博奥投资咨询有限公司,公司015370297487935,青岛惠悦农业投资有限公司,公司015370697490712,烟台华兴非融资性担保有限公司,公司015330297440012,宁波涌集投资管理有限公司,公司015420197504379,武汉智信恒通投资咨询有限公司,公司015522397483626,贵州聚宝阁投资有限公司,公司015440197493550,广州玉群投资咨询有限公司,公司015340197495757,安徽建融建设投资有限责任公司,公司015321197490779,镇江市国宁投资管理有限公司,公司015310197509711,上海元甲实业投资有限公司,公司015440497523853,珠海伟成商汇投资咨询有限公司,公司015440397522506,深圳市德商圈投资管理有限公司,公司015230197522435,黑龙江省和隆投资有限公司青龙商城多米来工厂直营店,公司015510197517969,成都展翅鸿业投资管理有限公司,公司015220197519640,长春平安好房子投资咨询有限公司,公司015510197522096,四川天莱普惠金融服务外包有限公司,公司016959297530594,南宁薪空间投资咨询有限公司,公司018440397485303,深圳市太白山餐饮投资管理有限公司,公司015370297569492,青岛星辰玛雅投资管理有限公司,公司015321097358096,扬州君峰投资理财咨询有限公司,公司015321397565236,宿迁华睿投资有限公司,公司015440397531980,深圳市老酒易购文化投资有限公司,公司015330297526211,宁波开富金融服务外包有限公司,公司015511197528539,峨眉山市腾捷投资咨询服务部,公司015440397526364,深圳市前海嘉航金融服务有限公司,公司015320597524538,朗华廷餐饮投资管理（苏州）有限公司,公司015320597528952,苏州君临房地产投资顾问有限公司,公司015110197524278,美瑞风顺投资管理（北京）有限公司,公司015450697512931,广西博雅汇尊投资有限公司,公司015441397514560,广东南爵实业投资有限公司,公司015150197510157,内蒙古睿驰投资咨询有限责任公司,公司015440197515648,广东拉法医疗投资管理有限公司,公司015110197515747,北京北盛鑫投资有限公司,公司015440597551967,汕头市云联国骥投资管理有限公司,公司015520197535954,贵州嘉久教育投资咨询有限公司,公司015330697533233,绍兴县越中口腔医院投资有限公司,公司008370295772776,青岛鲁商联投资管理咨询有限公司,公司015510197549736,成都益兴际投资有限公司,公司015110197548039,相信（北京）投资管理有限公司,公司015320597557195,苏州鑫兴海汇非融资性担保有限公司,公司015230197542467,黑龙江省创盟公社投资咨询服务有限公司,公司015350297541823,厦门金鹏展飞投资咨询有限公司,公司015310197536329,上海鸣企投资管理有限公司,公司015650197532962,乌鲁木齐博盛融成投资咨询有限公司,公司015220197542929,长春市盛泽投资管理有限公司,公司014440397555324,深圳市汇联汇生活互联网金融服务有限公司,公司015420797555348,鄂州市诺达建设投资有限公司,公司015231297555686,肇东市海兴投资咨询服务有限公司,公司015441997536652,东莞市春润实业投资有限公司,公司015440397546590,深圳礼物投资有限公司,公司015440397537340,深圳市亿达华投资发展有限公司第三分公司,公司015110197551186,大华文龙国际投资管理（北京）有限公司,公司015440397593038,深圳市摩根敏创投资基金管理有限公司,公司008341297584318,太和县信和投资管理有限公司,公司015330297587773,宁波澶影江湖投资管理有限公司,公司015530197512329,云南超固投资管理有限公司,公司015360797577775,赣州市铭众泉投资管理有限公司,公司015520197579895,贵州丰利杰投资管理有限公司,公司015340197579221,安徽桔子星座投资管理有限公司,公司015510197581750,成都建友金融服务外包有限公司,公司015440397579228,深圳市去哪美容投资管理有限公司,公司015440397579436,深圳市安家投资有限公司,公司015320597572742,苏州裕宝非融资性担保有限公司,公司015510697567688,德阳宝隆投资有限公司,公司015110297568257,北京铭锦投资管理有限公司,公司015310197570004,冀商所互联网金融信息服务（上海）有限公司,公司015320597574193,苏州乾银汇非融资性担保有限公司,公司015441497576020,梅州市东信投资有限公司,公司015310197574698,上海懿骞投资管理有限公司,公司015110197564892,北京星河慧云投资有限公司,公司015320597565845,苏州转转非融资性担保有限公司,公司015110197570170,北京深泰投资管理有限公司,公司015450197563404,广西嵩宇峻润置业投资有限公司,公司015231297563416,肇东市润和投资咨询服务有限公司,公司015441297562673,广宁县富远投资有限公司,公司015420197355396,武汉游青创投资发展有限公司,公司015441897564339,英德市仁宏实业投资有限公司,公司015440897590192,廉江市帝煌文化产业投资有限公司,公司008370295638803,青岛爱乐投资管理有限公司,公司016530197607161,洪泽诚信投资有限公司,公司016628597595867,北京汇泽金融服务外包有限公司,公司013440397586595,心海无界投资发展（深圳）有限公司,公司015450597603150,广西北海金九投资有限公司,公司015410197601251,河南省豫创投资有限公司,公司015654297358946,塔城市财来财往金融咨询服务部,公司015320997598647,上海元甲实业投资有限公司东台房地产信息咨询分公司,公司008110197583604,中金拓达房地产投资（北京）有限公司,公司015320597602896,昆山鑫利园房产投资咨询有限公司,公司015320197601291,南京广生才投资管理有限公司,公司015441997597843,东莞市方木实业投资有限公司,公司008321296113172,华东医疗投资泰州有限公司海陵分公司,公司015341297635021,阜阳信东源投资咨询有限公司,公司015532997637672,宾川天兴行投资管理咨询有限责任公司弥渡分公司,公司015440397588724,深圳市广优财务投资咨询有限公司,公司015110197585574,北京翟氏财富投资管理有限公司,公司015420997602538,湖北协诚投资有限公司,公司015330197625782,杭州琦雅医疗投资管理有限公司,公司015440397621249,深圳谭氏产业投资有限公司,公司016205597623539,苏州宇骐投资咨询有限公司,公司015230297613479,龙沙区东森珈珏投资咨询服务中心,公司015440197612905,广东臻香投资有限公司,公司015110197612852,北京世纪明启投资顾问有限公司,公司015230297619571,讷河市创美投资有限责任公司,公司015650197628117,新疆寰球视野投资有限公司乌鲁木齐西环北路分公司,公司015420297616337,阳新县朝阳投资有限公司,公司016444197632417,淮安海储金融信息服务有限公司,公司013370297636213,青岛半岛易贷投资管理有限公司,公司015222497635615,延吉市沅泽投资管理咨询有限公司,公司015320597663282,昆山市心安投资商贸有限公司,公司015110297645877,北京兴民久远投资咨询有限责任公司,公司015110197644894,北京宇芯博雅投资管理有限公司,公司015110197646536,山东三友投资有限公司,公司015510797645696,江油市一诺投资有限公司,公司015500197648430,重庆铂捷投资有限公司,公司008450595801177,广西美辉房地产投资有限公司,公司015520197651836,贵州德信铭源投资管理有限公司,公司015440397674964,深圳畅付金融信息技术有限公司（新二361612）,公司015310197663664,上海娴济投资管理有限公司,公司015110197660811,北京海棠润华投资管理有限公司,公司015331097675440,临海市风格投资管理有限公司,公司015320597659048,苏州苏易家非融资性担保有限公司,公司015450197672857,广西西元投资有限公司,公司008440497661539,珠海市飞骏房地产投资顾问有限公司,公司015441297677700,怀集县汇兴投资发展有限公司,公司008320196206718,南京利众置业投资集团有限公司第叁佰捌拾柒分公司,公司015310197676812,上海广豪投资管理有限公司,公司015510197678051,四川美酷投资管理有限公司,公司015510197656434,四川省通汇恒安金融服务外包有限公司,公司015130197672727,河北华纳股权投资基金管理股份有限公司,公司008440897739764,湛江丰盛投资管理有限公司,公司015441997678553,东莞市银发实业投资有限公司,公司008350996674938,霞浦俞氏投资有限公司,公司014440397678389,深圳市宇涛投资有限公司,公司015440397695422,深圳市水之恋美容投资管理有限公司,公司015410197697513,河南盈鑫金融服务有限公司,公司015340197701869,安徽琨祥金融信息服务有限公司,公司015210297680211,大连新鑫投资有限公司,公司015310197691640,上海首待金融信息服务有限公司,公司015341297697145,阜阳市金誉房产投资有限公司,公司015310197696658,翌浩（上海）股权投资基金中心,公司015310197683808,上海博与投资管理有限公司,公司015440397679154,深圳市君澜酒店投资管理有限公司,公司008650195345897,新疆同泰投资担保有限公司,公司015320597689537,昆山全球邦不动产投资咨询有限公司,公司015510797681587,四川屹豪股权投资基金管理有限公司,公司015440397690360,深圳市酒盟商贸投资有限公司,公司015110197685683,北京宜人宜己投资咨询有限公司,公司015440797736260,广东齐腾投资咨询有限公司,公司015420197731596,湖北燕山鸿业投资管理有限公司,公司015320597733768,苏州鑫鼎财行非融资性担保有限公司,公司015330197718184,杭州富阳好友金融信息服务有限公司,公司015320197731896,南京聚富神通投资管理有限公司,公司015520197706993,贵州曲美人医疗投资管理有限公司,公司015450397723550,龙胜亿东酒店投资有限公司,公司015330597731128,苏州文启非融资性担保有限公司,公司015320597732684,苏州亿诚非融资担保有限公司,公司015440397730661,深圳市红狼投资管理有限公司,公司015440497708697,珠海市联盈房地产投资顾问有限公司,公司015320597728722,昆山新耀投资管理有限公司,公司015110197707583,北京亮道体育投资管理有限公司,公司015451097747221,隆林建成农业投资开发有限公司,公司015230297746836,齐齐哈尔市帝嘉投资有限公司,公司015440397746963,深圳夏奇拉投资发展有限公司,公司015320297741532,无锡名翔投资有限公司,公司015230197760222,哈尔滨市凯哲奇投资咨询有限公司,公司015340197754973,安徽苏安医药投资管理有限公司,公司015110197758276,北京创见未来投资管理有限公司,公司015510797752335,绵阳可信投资管理有限公司,公司015441997755267,东莞市优业医疗投资有限公司,公司008360796349902,江西鑫垒金融服务有限公司,公司015370297752636,青岛道农投资管理有限公司,公司015110197778275,中源高科（北京）投资管理有限公司,公司015440397784635,立师理财咨询服务（深圳）有限公司,公司014210497780706,抚顺中大汇金投资咨询有限公司,公司015310197769432,上海祥坤投资管理有限公司,公司015150497785605,赤峰市拓森金展投资管理有限责任公司,公司015440997784026,广东宇森投资有限公司,公司015450596811849,北海冀发投资管理有限公司,公司015130197773544,河北泰吉投资管理有限公司,公司015610197505475,西安益嘉金融外包服务有限公司,公司015370297767044,青岛信德顺成投资管理有限公司,公司015520197769883,贵阳白云喜悦财富酒店投资管理有限公司,公司015450397770154,广西百润弘鑫投资有限公司,公司015110197768974,北京家钥投资管理有限公司,公司015441397801874,惠州龙道房地产投资有限公司,公司015150797802033,莫力达瓦达斡尔族自治旗尼尔基镇鑫鹏飞投资咨询中心,公司015450297815033,广西汇巨农业投资有限公司,公司015340197789983,安徽习强酒业投资有限公司,公司015310197804282,上海松广投资管理有限公司,公司013120197791208,XY天津英维斯特投资咨询有限公司,公司015370297496257,青岛天玺投资管理有限公司,公司015420997814775,应城市宝利投资,公司015340197618208,安徽壹招鲜餐饮投资管理有限公司,公司015320897815573,淮安恒康投资管理有限公司,公司015441997798258,东莞市喜美福房地产投资顾问有限公司,公司015419097789754,河南翼龙贷金融服务有限公司济源分公司,公司015520597814038,贵州百里杜鹃旅游开发投资公司,公司015110197789915,北京聚鼎金投资管理有限公司,公司014440397812481,深圳市宏威吧餐饮文化投资管理有限公司宝安分店,公司015370297820824,青岛新艺洲投资管理有限公司,公司015330297818497,宁波美锦财富投资有限公司北仑分公司,公司015310197824780,上海诚威投资管理有限公司,公司015371097828148,荣成市信合投资有限公司,公司015320297831361,江苏娜摩丹投资管理有限公司,公司008450596118451,广西创鑫合顺投资有限公司,公司015310197860771,上海银笠股权投资基金管理有限公司,公司015440397844938,深圳市民安投资管理有限公司唐后德西医内科诊所分公司,公司015440397845049,深圳市民安投资管理有限公司虞朝盛西医内科诊所分公司,公司008370295504558,崂山区展顺鹏投资经济咨询信息部,公司015210297848555,龙飞达融资租赁（大连）有限公司,公司015440397845210,九方融资租赁（深圳）有限公司,公司015210297838042,辽宁恒恩教育产业投资有限公司,公司015450197878562,广西亿世投资有限公司,公司015510197881675,四川智天金融服务外包有限公司,公司015440397865864,深圳市凯业网络投资有限公司,公司014210297861563,大连彤汇通达餐饮投资有限公司,公司015420697892642,湖北华凯投资集团有限公司,公司015440197897274,广州誉科投资管理有限公司,公司015120197772314,天津市逢源投资信息咨询有限公司,公司015440197895518,广州江禾投资有限公司,公司015310197887841,上海奥扬金融信息服务有限公司,公司015231196751195,五大连池市聚金投资咨询有限公司,公司015640197949385,宁夏五莲花投资管理咨询有限公司,公司015420697963898,宜城蓝波湾酒店投资管理有限公司,公司015441997963104,东莞市祝氏浩然医疗投资管理有限公司,公司015440397940852,深圳市蔚蓝置业投资顾问有限公司深圳湾公馆分公司,公司015321097941046,扬州艾绿投资发展有限公司,公司008370296990629,青岛鑫宜达投资管理有限公司,公司015440397941128,深圳市前海润泰金融服务有限公司,公司015421297978637,赤壁普显投资管理有限公司,公司015110197983556,快鱼（北京）投资管理有限公司,公司015320398014550,沛县中金置业投资有限公司,公司015320598002267,苏州睿鎏斯帝房地产投资有限公司,公司015410198011256,河南省宗圣投资有限公司,公司015330798011100,义乌市安通金融服务外包有限公司,公司015410198038837,东莞大扬百纳电影投资有限公司,公司015650198040793,新疆寰球视野投资有限公司,公司015310198047034,上海迦镕金融信息服务有限公司,公司015440397347007,深圳聚合财智投资管理有限公司,公司015450198060536,广西南宁源森房地产投资咨询有限公司,公司015310198042789,上海聚传金融信息服务有限公司,公司015510197151380,成都浩德金融服务外包有限公司,公司015510198068646,四川省成都市武侯区众鑫金融集团四川分公司,公司015440798076110,开平市康隆投资咨询有限公司,公司008321396292050,宿迁市恒宇投资咨询有限公司,公司015440398078761,深圳市金泰昌投资发展有限公司,公司015320598077982,苏州工业园区教育发展投资有限公司观园国际酒店,公司015340198104240,安徽淼昶投资管理有限公司,公司015440198127941,千源国际融资租赁有限公司,公司015441998146683,东莞市铭龙实业投资有限公司,公司015310198156120,上海灏昌实业投资有限公司,公司015310197895795,上海鸣迪投资管理有限公司,公司015320598150960,苏州诚加信非融资性担保有限公司,公司015110198162286,北京丰弘泰茂投资管理有限公司,公司015441998166094,东莞市罗创汇投资中心（有限合伙）,公司015460198170119,海南博纳斯健身投资有限公司,公司015320198168048,南京鑫海盛世投资有限公司,公司015310198159392,上海美影影院投资发展有限公司,公司015310198195093,上海晶殿投资发展有限公司,公司015441998189037,东莞市盒汇商业投资管理有限公司,公司015360498077858,江西省九江市浔阳区好来金融股份有限公司,公司015442098206783,中山市金典股权投资有限公司,公司015320598223753,苏州振豪投资管理有限公司,公司015340198217302,安徽童尚文化投资有限公司,公司015320298228719,江苏省无锡市江阴市振兴金融,公司015510198224411,四川合力纵横金融服务外包有限公司,公司008450595391613,北海市铭洋投资有限公司,公司015440398213479,深圳零距离投资担保咨询有限公司,公司015441998214847,东莞市凯鹏实业投资有限公司,公司015420698214539,湖北大汉文化产业投资有限公司,公司015320598243325,苏州北汇非融资性担保有限公司,公司015110198255761,北京诺信联投资管理有限公司,公司016779098275714,贵州驰远融通投资管理有限公司,公司015340198280258,安徽省合肥市包河区祥合金融,公司015110198280107,北京健生养老产业投资有限公司,公司015320898282456,涟水县以马内利恒远投资管理有限公司,公司015310197683146,归元（上海）投资发展有限公司,公司015450298295284,广西壮族自治区柳州市柳江县柳州鑫信金融服务中心,公司015310198291840,上海虔利投资咨询有限公司,公司015320598322837,苏州泽旭非融资性担保有限公司,公司008370395893102,淄博北城金融信息服务有限公司,公司016663897708271,华夏银盛（北京）国际投资基金有限公司,公司015310198353263,上海九乐投资管理有限公司,公司015110198165159,北京市北京市东城区乐天金融,公司015440397234476,深圳一八八七洋酒投资有限公司,公司015420198373893,武汉辉泓鼎龙投资管理咨询有限公司,公司015510198366579,四川省成都市锦江区恒信金融,公司015440397781670,深圳市川普鱼餐饮投资有限公司第一分店,公司015421298398432,湖北省咸宁市咸安区立天汽车金融,公司015340198410488,合肥睿特投资咨询有限公司,公司015640198421661,宁夏智汇益利投资有限公司,公司015310198430946,上海千盛投资管理有限公司,公司015131098320772,河北省廊坊市三河市芳晨金融,公司015110198454443,河北丰赫非融资性担保有限公司,公司015320598485841,苏州昆之梦非融资性担保有限公司,公司015330298485664,宁波沐丰房地产投资咨询有限公司,公司015330298486460,宁波德丰房地产投资咨询有限公司,公司015320598467529,苏州达泓非融资性担保有限公司,公司015440998537425,东莞市双通投资有限公司茂名分公司,公司015450297796819,柳州市韩爱投资有限公司,公司015440498613382,珠海市恒泽投资咨询有限公司,公司015340198680173,安徽聚峰投资管理有限公司,公司015330298690142,宁波成隽投资管理有限公司,公司015230198688868,哈尔滨鸿鼎投资管理有限公司,公司015320598699330,苏州寰宇天下非融资性担保有限公司,公司015310298681575,上海拓垦投资中心,公司015530198566865,中金国际金融服务（深圳）有限公司,公司015520198568003,重庆悠程去哪儿国际旅行社有限公司金融中心营业部,公司015130698568854,保定浩宸房地产投资有限公司,公司015320198565187,南京中百投资管理有限公司,公司015440398635040,昱龙兴泰（深圳）投资发展有限公司,公司015441797207423,阳江市江城区亿融投资咨询有限公司,公司015320698298069,南通恒联投资管理有限公司,公司015222498813861,延边汇通机动车非融资担保有限公司,公司015330298765061,宁波鸿亿森源实业投资有限公司,公司015442098777255,中山火炬开发区盈海投资管理有限公司,公司015440397163944,深圳前海万康股权投资基金管理有限公司,公司015440398880782,深圳美锋理想投资发展有限公司,公司014440398792366,春梅里（深圳）餐饮投资有限公司海上世界分店,公司015440198779315,广东中信阳光融资租赁有限公司,公司015340198800902,安徽品立创业投资管理咨询有限公司,公司015420198795891,武汉市好乐居房地产投资顾问有限公司,公司015440398711076,深圳前海博凯汇投资有限公司,公司015370698882422,烟台凯拓非融资性担保有限公司,公司015330298929454,宁波和邦投资集团有限公司,公司015310197599788,上海富引金融信息服务有限公司,公司015320598817957,苏州鑫德赢非融资性担保有限公司,公司015220197451802,吉林省中亚科技产业股权投资基金管理有限公司,公司015440398895139,深圳非特股权投资基金管理有限公司,公司015410197710664,河南豫邦金融服务有限公司,公司015441998852569,东莞市能兴地产投资咨询有限公司,公司015511198751462,乐山圣美罗医疗投资有限公司,公司008440398758162,深圳市兴家源房地产投资有限公司,公司015410198756899,上海克欣股权投资基金管理有限公司郑州分公司,公司015440398502087,深圳市智翔教育投资有限公司,公司015420197207495,湖北锐佳投资控股股份有限公司,公司015110198980518,北京新瑞源通投资咨询有限公司,公司015520398962205,贵州省遵义市仁怀市刘休军金融,公司015440699009644,佛山市昂龙投资管理有限公司,公司015440397264058,深圳市中通汇富投资管理有限公司,公司015310198954851,上海笃善互联网金融信息服务有限公司,公司015510199074245,四川优德投资管理有限公司,公司015320999083421,盐城市水绿新城建设投资有限公司,公司015431199128250,湖南省永州市冷水滩区永州盛世汽车金融,公司015510198366528,四川恒信邦投金融服务外包有限公司,公司015321398916423,宿迁鼎丰投资理财顾问有限公司,公司015370298951574,青岛二八零零投资管理有限公司,公司015321298973683,泰州通泰投资有限公司,公司014440398722254,春梅里（深圳）餐饮投资有限公司侨香分店,公司015320598999830,昆山昆通房地产投资咨询有限公司,公司015510197584102,成都锦尚鼎投资有限公司,公司015440399041975,深圳宫遇投资有限公司,公司015110199038934,北京宏峰聚金投资担保有限公司,公司015440399056199,深圳市琛丽蓝莹投资有限公司,公司015410998941747,河南省濮阳市华龙区孟维峰金融事务所,公司015510199260047,四川省成都市邛崃市启信金融,公司015310197799082,上海祈圣投资管理有限公司,公司015540199169290,西藏卓玛拉酒店投资管理有限公司,公司015510199264831,四川恒通盛世金融外包服务有限公司,公司015340198363505,安徽聚鑫金融服务外包有限公司,公司015370697581394,烟台星程投资有限公司,公司015340797458550,铜陵汇金投资有限公司,公司015510199306798,成都锦邦非融资担保有限公司,公司015371799209790,山东锦绣投资集团有限公司仿山旅游开发分公司,公司015320599155787,苏州小宝非融资性担保有限公司,公司015370298150012,山东省青岛市即墨市青岛聚义成达非融资性担保有限公,公司015220809184113,吉林省白城市洮南市鑫诺金融,公司015510108570898,成都兴百惠金融服务外包有限公司,公司015520599331742,黔西县铂杰金融,公司015320599331854,苏州华山普惠非融资性担保有限公司,公司